
	Distribution Summary

Distribution:	Beta         
Expression:	6.16 + 7.78 * BETA(6.72, 7.03)
Square Error:	0.000873

Chi Square Test
  Number of intervals	= 19
  Degrees of freedom 	= 16
  Test Statistic     	= 15.6
  Corresponding p-value	= 0.486

Kolmogorov-Smirnov Test
  Test Statistic	= 0.0274
  Corresponding p-value	> 0.15

	Data Summary

Number of Data Points	= 1000
Min Data Value       	= 6.82
Max Data Value       	= 13.3
Sample Mean          	= 9.96
Sample Std Dev       	= 1.01

	Histogram Summary

Histogram Range    	= 6.16 to 13.9
Number of Intervals	= 31


==================================================================
Int.   No. of               Probability           Cumulative      
No.    Data Pts.   x        Density               Distribution    
------------------------------------------------------------------
                            Data   Function       Data   Function   
   0     0       6.41       0.00   1.17e-07       0.00   1.17e-07
   1     0       6.66       0.00   1.02e-05       0.00   1.03e-05
   2     2       6.91    0.00200   0.000121    0.00200   0.000132
   3     2       7.16    0.00200   0.000623    0.00400   0.000755
   4     3       7.41    0.00300    0.00204    0.00700    0.00279
   5     3       7.67    0.00300    0.00502     0.0100    0.00781
   6    10       7.92     0.0100     0.0102     0.0200     0.0180
   7    11       8.17     0.0110     0.0179     0.0310     0.0358
   8    23       8.42     0.0230     0.0280     0.0540     0.0639
   9    43       8.67     0.0430     0.0402     0.0970      0.104
  10    54       8.92     0.0540     0.0534      0.151      0.157
  11    86       9.17     0.0860     0.0664      0.237      0.224
  12    75       9.42     0.0750     0.0778      0.312      0.302
  13    96       9.67     0.0960     0.0864      0.408      0.388
  14    84       9.92     0.0840     0.0912      0.492      0.479
  15    97       10.2     0.0970     0.0916      0.589      0.571
  16    80       10.4     0.0800     0.0876      0.669      0.658
  17    74       10.7     0.0740     0.0798      0.743      0.738
  18    70       10.9     0.0700     0.0689      0.813      0.807
  19    66       11.2     0.0660     0.0564      0.879      0.863
  20    48       11.4     0.0480     0.0434      0.927      0.907
  21    31       11.7     0.0310     0.0312      0.958      0.938
  22    18       11.9     0.0180     0.0208      0.976      0.959
  23    12       12.2     0.0120     0.0126      0.988      0.972
  24     7       12.4    0.00700    0.00677      0.995      0.978
  25     2       12.7    0.00200    0.00314      0.997      0.981
  26     1       12.9    0.00100    0.00119      0.998      0.983
  27     1       13.2    0.00100   0.000333      0.999      0.983
  28     1       13.4    0.00100   5.82e-05       1.00      0.983
  29     0       13.7       0.00   4.26e-06       1.00      0.983
  30     0       13.9       0.00   3.90e-08       1.00      0.983


=================================================================


Data File: C:\Users\phakh\OneDrive\Desktop\INC364_ARENA1\DATA\normal.dst


Function       Sq Error
-----------------------
Beta           0.000873
Normal         0.00117
Weibull        0.00121
Erlang         0.00138
Gamma          0.00139
Lognormal      0.0024
Triangular     0.0106
Uniform        0.0369
Exponential    0.0512
