
	Distribution Summary

Distribution:	Triangular   
Expression:	TRIA(5, 10, 12)
Square Error:	0.000717

Chi Square Test
  Number of intervals	= 28
  Degrees of freedom 	= 26
  Test Statistic     	= 23.7
  Corresponding p-value	= 0.59

Kolmogorov-Smirnov Test
  Test Statistic	= 0.0224
  Corresponding p-value	> 0.15

	Data Summary

Number of Data Points	= 1000
Min Data Value       	= 5.09
Max Data Value       	= 11.9
Sample Mean          	= 9
Sample Std Dev       	= 1.5

	Histogram Summary

Histogram Range    	= 5 to 12
Number of Intervals	= 31


==================================================================
Int.   No. of               Probability           Cumulative      
No.    Data Pts.   x        Density               Distribution    
------------------------------------------------------------------
                            Data   Function       Data   Function   
   0     3       5.23    0.00300    0.00146    0.00300    0.00146
   1     4       5.45    0.00400    0.00437    0.00700    0.00582
   2    11       5.68     0.0110    0.00728     0.0180     0.0131
   3     8       5.90    0.00800     0.0102     0.0260     0.0233
   4    14       6.13     0.0140     0.0131     0.0400     0.0364
   5    21       6.35     0.0210     0.0160     0.0610     0.0524
   6    12       6.58     0.0120     0.0189     0.0730     0.0714
   7    32       6.81     0.0320     0.0218      0.105     0.0932
   8    28       7.03     0.0280     0.0248      0.133      0.118
   9    25       7.26     0.0250     0.0277      0.158      0.146
  10    27       7.48     0.0270     0.0306      0.185      0.176
  11    38       7.71     0.0380     0.0335      0.223      0.210
  12    28       7.94     0.0280     0.0364      0.251      0.246
  13    38       8.16     0.0380     0.0393      0.289      0.285
  14    30       8.39     0.0300     0.0422      0.319      0.328
  15    42       8.61     0.0420     0.0451      0.361      0.373
  16    49       8.84     0.0490     0.0481      0.410      0.421
  17    50       9.06     0.0500     0.0510      0.460      0.472
  18    56       9.29     0.0560     0.0539      0.516      0.526
  19    51       9.52     0.0510     0.0568      0.567      0.582
  20    62       9.74     0.0620     0.0597      0.629      0.642
  21    71       9.97     0.0710     0.0626      0.700      0.705
  22    65       10.2     0.0650     0.0619      0.765      0.767
  23    57       10.4     0.0570     0.0547      0.822      0.821
  24    53       10.6     0.0530     0.0474      0.875      0.869
  25    33       10.9     0.0330     0.0401      0.908      0.909
  26    35       11.1     0.0350     0.0328      0.943      0.942
  27    24       11.3     0.0240     0.0255      0.967      0.967
  28    16       11.5     0.0160     0.0182      0.983      0.985
  29    10       11.8     0.0100     0.0109      0.993      0.996
  30     7       12.0    0.00700    0.00365       1.00       1.00


=================================================================


Data File: C:\Users\phakh\OneDrive\Desktop\INC364_ARENA1\DATA\triang.dst


Function       Sq Error
-----------------------
Triangular     0.000717
Beta           0.00192
Normal         0.00332
Weibull        0.00446
Erlang         0.00743
Gamma          0.0075
Lognormal      0.0108
Uniform        0.0113
Exponential    0.0262
