
	Distribution Summary

Distribution:	Weibull      
Expression:	44.5 + WEIB(17.6, 2.31)
Square Error:	0.011716

Chi Square Test
  Number of intervals	= 8
  Degrees of freedom 	= 5
  Test Statistic     	= 3.76
  Corresponding p-value	= 0.589

	Data Summary

Number of Data Points	= 100
Min Data Value       	= 45
Max Data Value       	= 81
Sample Mean          	= 60.1
Sample Std Dev       	= 7.14

	Histogram Summary

Histogram Range    	= 44.5 to 81.5
Number of Intervals	= 37


==================================================================
Int.   No. of               Probability           Cumulative      
No.    Data Pts.   x        Density               Distribution    
------------------------------------------------------------------
                            Data   Function       Data   Function   
   0     1       45.0     0.0100    0.00134     0.0100    0.00134
   1     0       46.0       0.00    0.00527     0.0100    0.00661
   2     0       47.0       0.00     0.0102     0.0100     0.0168
   3     3       48.0     0.0300     0.0155     0.0400     0.0323
   4     2       49.0     0.0200     0.0212     0.0600     0.0535
   5     2       50.0     0.0200     0.0268     0.0800     0.0803
   6     3       51.0     0.0300     0.0323      0.110      0.113
   7     1       52.0     0.0100     0.0375      0.120      0.150
   8     7       53.0     0.0700     0.0421      0.190      0.192
   9     6       54.0     0.0600     0.0461      0.250      0.238
  10     2       55.0     0.0200     0.0493      0.270      0.288
  11     7       56.0     0.0700     0.0518      0.340      0.339
  12     8       57.0     0.0800     0.0533      0.420      0.393
  13     1       58.0     0.0100     0.0539      0.430      0.447
  14     6       59.0     0.0600     0.0537      0.490      0.500
  15     7       60.0     0.0700     0.0527      0.560      0.553
  16     3       61.0     0.0300     0.0509      0.590      0.604
  17     5       62.0     0.0500     0.0485      0.640      0.652
  18     6       63.0     0.0600     0.0455      0.700      0.698
  19     1       64.0     0.0100     0.0422      0.710      0.740
  20     3       65.0     0.0300     0.0386      0.740      0.779
  21     6       66.0     0.0600     0.0348      0.800      0.814
  22     2       67.0     0.0200     0.0309      0.820      0.844
  23     7       68.0     0.0700     0.0272      0.890      0.872
  24     2       69.0     0.0200     0.0236      0.910      0.895
  25     4       70.0     0.0400     0.0202      0.950      0.915
  26     1       71.0     0.0100     0.0170      0.960      0.932
  27     0       72.0       0.00     0.0142      0.960      0.947
  28     1       73.0     0.0100     0.0117      0.970      0.958
  29     0       74.0       0.00    0.00950      0.970      0.968
  30     0       75.0       0.00    0.00762      0.970      0.975
  31     0       76.0       0.00    0.00604      0.970      0.981
  32     1       77.0     0.0100    0.00472      0.980      0.986
  33     1       78.0     0.0100    0.00364      0.990      0.990
  34     0       79.0       0.00    0.00277      0.990      0.993
  35     0       80.0       0.00    0.00208      0.990      0.995
  36     1       81.0     0.0100    0.00154       1.00      0.996


=================================================================


Data File: C:\Users\phakh\OneDrive\Work\KMUTT\Teaching Assistant\INC 364 - 2020\ARENA_1\Data\AB027_Process_Time.dst


Function       Sq Error
-----------------------
Weibull        0.0117
Beta           0.0118
Poisson        0.0122
Triangular     0.0122
Normal         0.0122
Erlang         0.0124
Gamma          0.0125
Lognormal      0.0147
Uniform        0.024
Exponential    0.0308
